000000000000000000000000000000000000000000000000000
000000000000000000000000000000000000000000000000000
000000000000000000000000000000000000000000000000000
000000000000000000000000000000000000000000000000000
000000000000000000000000011100000000000000000000000
000000000000000000000000111110000000000000000000000
000000000000000000000000011100000000000000000000000
000000000000000000000110011100110000000000000000000
000000000000000000000000011100000000000000000000000
000000000000000000000000111110000000000000000000000
000000000000000000000000011100000000000000000000000
000000000000000000000110011100110000000000000000000
000000000000000000000000011100000000000000000000000
000000000000000000000000111110000000000000000000000
000000000000000000000000011100000000000000000000000
000000000000000000000110011100110000000000000000000
000000000000000000000000011100000000000000000000000
000000000000000000000000111110000000000000000000000
000000000000000000000000011100000000000000000000000
000000000000000000000110011100110000000000000000000
000000000000000000000000011100000000000000000000000
000000000000000000000000111110000000000000000000000
000000000000000000000000011100000000000000000000000
000000000000000000000110011100110000000000000000000
000000000000000000000000011100000000000000000000000
000000000000000000000000111110000000000000000000000
000000000000000000000000011100000000000000000000000
000000000000000000000110011100110000000000000000000
000000000000000000000000011100000000000000000000000
000000000000000000000000111110000000000000000000000
000000000000000000000000011100000000000000000000000
000000000000000000000110011100110000000000000000000
000000000000000000000000011100000000000000000000000
000000000000000000000000111110000000000000000000000
000000000000000000000000011100000000000000000000000
000000000000000000000110011100110000000000000000000
000000000000000000000000011100000000000000000000000
000000000000000000000000111110000000000000000000000
000000000000000000000000011100000000000000000000000
000000000000000000000110011100110000000000000000000
000000000000000000000000011100000000000000000000000
000000000000000000000000111110000000000000000000000
000000000000000000000000011100000000000000000000000
000000000000000000000110011100110000000000000000000
000000000000000000000000011100000000000000000000000
000000000000000000000000111110000000000000000000000
000000000000000000000000011100000000000000000000000
000000000000000000000110011100110000000000000000000
000000000000000000000000011100000000000000000000000
000000000000000000000000111110000000000000000000000
000000000000000000000000011100000000000000000000000
000000000000000000000110011100110000000000000000000
000000000000000000000000011100000000000000000000000
000000000000000000000000111110000000000000000000000
000000000000000000000000011100000000000000000000000
000000000000000000000110011100110000000000000000000
000000000000000000000000011100000000000000000000000
000000000000000000000000111110000000000000000000000
000000000000000000000000011100000000000000000000000
000000000000000000000110011100110000000000000000000
000000000000000000000000011100000000000000000000000
000000000000000000000000111110000000000000000000000
000000000000000000000000011100000000000000000000000
000000000000000000000110011100110000000000000000000
000000000000000000000000011100000000000000000000000
000000000000000000000000111110000000000000000000000
000000000000000000000000011100000000000000000000000
000000000000000000000110011100110000000000000000000
000000000000000000000000011100000000000000000000000
000000000000000000000000111110000000000000000000000
000000000000000000000000011100000000000000000000000
000000000000000000000110011100110000000000000000000
000000000000000000000000011100000000000000000000000
000000000000000000000000111110000000000000000000000
000000000000000000000000011100000000000000000000000
000000000000000000000110011100110000000000000000000
000000000000000000000000011100000000000000000000000
000000000000000000000000111110000000000000000000000
000000000000000000000000011100000000000000000000000
000000000000000000000110011100110000000000000000000
000000000000000000000000011100000000000000000000000
000000000000000000000000111110000000000000000000000
000000000000000000000000011100000000000000000000000
000000000000000000000110011100110000000000000000000
000000000000000000000000011100000000000000000000000
000000000000000000000000111110000000000000000000000
000000000000000000000000011100000000000000000000000
000000000000000000000110011100110000000000000000000
000000000000000000000000011100000000000000000000000
000000000000000000000000111110000000000000000000000
000000000000000000000000011100000000000000000000000
000000000000000000000110011100110000000000000000000
000000000000000000000000011100000000000000000000000
000000000000000000000000111110000000000000000000000
000000000000000000000000011100000000000000000000000
000000000000000000000110011100110000000000000000000
000000000000000000000000011100000000000000000000000
000000000000000000000000111110000000000000000000000
000000000000000000000000011100000000000000000000000
000000000000000000000110011100110000000000000000000
000000000000000000000000011100000000000000000000000
000000000000000000000000111110000000000000000000000
000000000000000000000000011100000000000000000000000
000000000000000000000110011100110000000000000000000
000000000000000000000000011100000000000000000000000
000000000000000000000000111110000000000000000000000
000000000000000000000000011100000000000000000000000
000000000000000000000110011100110000000000000000000
000000000000000000000000011100000000000000000000000
000000000000000000000000111110000000000000000000000
000000000000000000000000011100000000000000000000000
000000000000000000000110011100110000000000000000000
000000000000000000000000011100000000000000000000000
000000000000000000000000111110000000000000000000000
000000000000000000000000011100000000000000000000000
000000000000000000000110011100110000000000000000000
000000000000000000000000011100000000000000000000000
000000000000000000000000111110000000000000000000000
000000000000000000000000011100000000000000000000000
000000000000000000000110011100110000000000000000000
000000000000000000000000011100000000000000000000000
000000000000000000000000111110000000000000000000000
000000000000000000000000011100000000000000000000000
000000000000000000000110011100110000000000000000000
000000000000000000000000011100000000000000000000000
000000000000000000000000111110000000000000000000000
000000000000000000000000011100000000000000000000000
000000000000000000000110011100110000000000000000000
000000000000000000000000011100000000000000000000000
000000000000000000000000111110000000000000000000000
000000000000000000000000011100000000000000000000000
000000000000000000000110011100110000000000000000000
000000000000000000000000011100000000000000000000000
000000000000000000000000111110000000000000000000000
000000000000000000000000011100000000000000000000000
000000000000000000000110011100110000000000000000000
000000000000000000000000011100000000000000000000000
000000000000000000000000111110000000000000000000000
000000000000000000000000011100000000000000000000000
000000000000000000000110011100110000000000000000000
000000000000000000000000011100000000000000000000000
000000000000000000000000111110000000000000000000000
000000000000000000000000011100000000000000000000000
000000000000000000000110011100110000000000000000000
000000000000000000000000011100000000000000000000000
000000000000000000000000111110000000000000000000000
000000000000000000000000011100000000000000000000000
000000000000000000000110011100110000000000000000000
000000000000000000000000011100000000000000000000000
000000000000000000000000111110000000000000000000000
000000000000000000000000011100000000000000000000000
000000000000000000000110011100110000000000000000000
000000000000000000000000011100000000000000000000000
000000000000000000000000111110000000000000000000000
000000000000000000000000011100000000000000000000000
000000000000000000000110011100110000000000000000000
000000000000000000000000011100000000000000000000000
000000000000000000000000111110000000000000000000000
000000000000000000000000011100000000000000000000000
000000000000000000000110011100110000000000000000000
000000000000000000000000011100000000000000000000000
000000000000000000000000111110000000000000000000000
000000000000000000000000011100000000000000000000000
000000000000000000000110011100110000000000000000000
000000000000000000000000011100000000000000000000000
000000000000000000000000111110000000000000000000000
000000000000000000000000011100000000000000000000000
111111111111111111111111111111111111111111111111111
111111111111111111111111111111111111111111111111111
111111111111111111111111111111111111111111111111111
111111111111111111111111111111111111111111111111111

